1	2.80000000e-07	8.00000000e-01
2	2.80000000e-07	6.55745860e-01
3	2.80000000e-07	5.41219231e-01
4	2.80000000e-07	4.50293944e-01
5	2.80000000e-07	3.78106299e-01
6	2.80000000e-07	3.20794892e-01
7	2.80000000e-07	2.75294068e-01
8	2.80000000e-07	2.39169932e-01
9	2.80000000e-07	2.10490162e-01
10	2.80000000e-07	1.87720643e-01
11	2.80000000e-07	1.69643406e-01
12	2.80000000e-07	1.55291478e-01
13	2.80000000e-07	1.43897157e-01
14	2.80000000e-07	1.34850948e-01
15	2.80000000e-08	8.00000000e-01
16	2.80000000e-08	7.85053955e-01
17	2.80000000e-08	7.70427030e-01
18	2.80000000e-08	7.56112412e-01
19	2.80000000e-08	7.42103432e-01
20	2.80000000e-08	7.28393565e-01
21	2.80000000e-08	7.14976424e-01
22	2.80000000e-08	7.01845759e-01
23	2.80000000e-08	6.88995453e-01
24	2.80000000e-08	6.76419521e-01
25	2.80000000e-08	6.64112104e-01
26	2.80000000e-08	6.52067468e-01
27	2.80000000e-08	6.40280003e-01
28	2.80000000e-08	6.28744218e-01
29	2.80000000e-08	6.17454740e-01
30	2.80000000e-08	6.06406308e-01
31	2.80000000e-08	5.95593777e-01
32	2.80000000e-08	5.85012110e-01
33	2.80000000e-08	5.74656377e-01
34	2.80000000e-08	5.64521755e-01
35	2.80000000e-08	5.54603522e-01
36	2.80000000e-08	5.44897058e-01
37	2.80000000e-08	5.35397841e-01
38	2.80000000e-08	5.26101447e-01
39	2.80000000e-08	5.17003545e-01
40	2.80000000e-08	5.08099897e-01
41	2.80000000e-08	4.99386355e-01
42	2.80000000e-08	4.90858860e-01
43	2.80000000e-08	4.82513439e-01
44	2.80000000e-08	4.74346206e-01
45	2.80000000e-08	4.66353356e-01
46	2.80000000e-08	4.58531165e-01
47	2.80000000e-08	4.50875989e-01
48	2.80000000e-08	4.43384263e-01
49	2.80000000e-08	4.36052496e-01
50	2.80000000e-08	4.28877273e-01
51	2.80000000e-08	4.21855252e-01
52	2.80000000e-08	4.14983162e-01
53	2.80000000e-08	4.08257801e-01
54	2.80000000e-08	4.01676037e-01
55	2.80000000e-08	3.95234803e-01
56	2.80000000e-08	3.88931099e-01
57	2.80000000e-08	3.82761989e-01
58	2.80000000e-08	3.76724598e-01
59	2.80000000e-08	3.70816115e-01
60	2.80000000e-08	3.65033786e-01
61	2.80000000e-08	3.59374919e-01
62	2.80000000e-08	3.53836877e-01
63	2.80000000e-08	3.48417081e-01
64	2.80000000e-08	3.43113005e-01
65	2.80000000e-08	3.37922180e-01
66	2.80000000e-08	3.32842186e-01
67	2.80000000e-08	3.27870658e-01
68	2.80000000e-08	3.23005279e-01
69	2.80000000e-08	3.18243783e-01
70	2.80000000e-08	3.13583952e-01
71	2.80000000e-08	3.09023616e-01
72	2.80000000e-08	3.04560650e-01
73	2.80000000e-08	3.00192975e-01
74	2.80000000e-08	2.95918556e-01
75	2.80000000e-08	2.91735402e-01
76	2.80000000e-08	2.87641565e-01
77	2.80000000e-08	2.83635137e-01
78	2.80000000e-08	2.79714253e-01
79	2.80000000e-08	2.75877085e-01
80	2.80000000e-08	2.72121847e-01
81	2.80000000e-08	2.68446788e-01
82	2.80000000e-08	2.64850198e-01
83	2.80000000e-08	2.61330400e-01
84	2.80000000e-08	2.57885755e-01
85	2.80000000e-08	2.54514658e-01
86	2.80000000e-08	2.51215540e-01
87	2.80000000e-08	2.47986862e-01
88	2.80000000e-08	2.44827122e-01
89	2.80000000e-08	2.41734846e-01
90	2.80000000e-08	2.38708596e-01
91	2.80000000e-08	2.35746960e-01
92	2.80000000e-08	2.32848560e-01
93	2.80000000e-08	2.30012045e-01
94	2.80000000e-08	2.27236093e-01
95	2.80000000e-08	2.24519413e-01
96	2.80000000e-08	2.21860737e-01
97	2.80000000e-08	2.19258829e-01
98	2.80000000e-08	2.16712475e-01
99	2.80000000e-08	2.14220489e-01
100	2.80000000e-08	2.11781711e-01
101	2.80000000e-08	2.09395005e-01
102	2.80000000e-08	2.07059258e-01
103	2.80000000e-08	2.04773383e-01
104	2.80000000e-08	2.02536315e-01
105	2.80000000e-08	2.00347011e-01
106	2.80000000e-08	1.98204453e-01
107	2.80000000e-08	1.96107641e-01
108	2.80000000e-08	1.94055599e-01
109	2.80000000e-08	1.92047372e-01
110	2.80000000e-08	1.90082023e-01
111	2.80000000e-08	1.88158637e-01
112	2.80000000e-08	1.86276319e-01
113	2.80000000e-08	1.84434191e-01
114	2.80000000e-08	1.82631395e-01
115	2.80000000e-08	1.80867091e-01
116	2.80000000e-08	1.79140458e-01
117	2.80000000e-08	1.77450691e-01
118	2.80000000e-08	1.75797003e-01
119	2.80000000e-08	1.74178624e-01
120	2.80000000e-08	1.72594799e-01
121	2.80000000e-08	1.71044792e-01
122	2.80000000e-08	1.69527880e-01
123	2.80000000e-08	1.68043356e-01
124	2.80000000e-08	1.66590528e-01
125	2.80000000e-08	1.65168721e-01
126	2.80000000e-08	1.63777272e-01
127	2.80000000e-08	1.62415532e-01
128	2.80000000e-08	1.61082867e-01
129	2.80000000e-08	1.59778656e-01
130	2.80000000e-08	1.58502293e-01
131	2.80000000e-08	1.57253181e-01
132	2.80000000e-08	1.56030741e-01
133	2.80000000e-08	1.54834401e-01
134	2.80000000e-08	1.53663604e-01
135	2.80000000e-08	1.52517806e-01
136	2.80000000e-08	1.51396473e-01
137	2.80000000e-08	1.50299081e-01
138	2.80000000e-08	1.49225121e-01
139	2.80000000e-08	1.48174091e-01
140	2.80000000e-08	1.47145502e-01
141	2.80000000e-08	1.46138875e-01
142	2.80000000e-08	1.45153741e-01
143	2.80000000e-08	1.44189642e-01
144	2.80000000e-08	1.43246127e-01
145	2.80000000e-08	1.42322757e-01
146	2.80000000e-08	1.41419103e-01
147	2.80000000e-08	1.40534744e-01
148	2.80000000e-08	1.39669266e-01
149	2.80000000e-08	1.38822268e-01
150	2.80000000e-08	1.37993355e-01
151	2.80000000e-08	1.37182140e-01
152	2.80000000e-08	1.36388246e-01
153	2.80000000e-08	1.35611302e-01
154	2.80000000e-08	1.34850948e-01
